3
701
3222
15929
15930
15931
15932
15933
15934
67489
106901
124393
126353
131237
173134
184996
208128
229271
319503
353627
355893
401186
456676
464957
470110
508741
510798
561110
579881
585650
591047
592747
600513
611026
624896
624914
667163
689887
694643
723532
752223
798942
810322
817978
824140
832851
834117
846909
867110
880066
896145
900151
947420
947551
949742
949746
961671
986540
988404
991567
1029614
1043304
1062897
1083814
1089292
1117754
1139557
1144309
1145543
1167284
1173745
1203672
1227216
1259402
1261354
1289266
1304738
1310505
1313918
1340285
1343855
1348088
1388062
1394384
1394934
1400605
1423592
1439078
1441418
1441878
1448098
1476391
1483914
1490511
1510859
1512559
1515277
1517768
1533482
1542591
1570045
1579795
1610447
1633296
1666784
1671649
1683247
1724342
1730950
1740797
1756935
1758283
1759063
1769999
1799756
1819836
1841374
1860973
1913734
1935960
1944053
1950589
1950826
1963033
1963816
2001540
2009528
2036319
2050487
2069860
2069968
2074626
2082222
2086649
2104713
2104798
2109417
2116950
2121109
2122284
2139604
2144321
2158170
2164788
2177084
2177260
2185924
2186981
2203441
2214168
2223733
2224345
2228986
2247384
2258404
2258870
2299099
2325839
2336709
2346623
2378737
2395358
2399870
2411005
2411027
2432456
2434620
2445070
2452312
2469427
2486222
2506659
2552423
2585637
2587582
2603300
2610080
2649326
2660109
2681239
2704555
2705554
2706136
2727617
2734441
2743143
2745150
2765471
2832707
2884933
2894133
2901895
2902320
2904036
2937364
2944444
2950723
2981455
2984818
3012430
3023348
3031766
3053913
3071648
3072659
3090055
3102474
3114387
3147695
3150065
3171579
3251478
3254666
3254671
3299095
3300972
3329840
3338035
3374170
3400733
3408607
3432329
3432856
3433405
3464171
3500734
3518148
3519254
3634153
3655172
3712625
3714684
3717908
3720597
3722964
3729089
3745115
3881237
3889585
3902432
3910435
3923746
3924778
3934188
3944438
3944680
3965917
4010029
4039549
4045472
4068082
4070464
4082063
4098227
4116538
4141933
4141951
4145224
4149173
4176704
4187868
4205118
4215416
4217579
4217617
4220069
4264166
4278880
4291417
4318516
4326209
4326217
4332468
4360798
4373529
4390892
4398251
4451009
4451728
4525169
4540348
4580050
4618328
4648801
4656790
4669368
4671192
4679865
4722293
4738574
4744734
4753293
4767965
4788123
4790983
4799881
4826083
4877172
4886139
4961788
4973517
4978304
5010998
5021455
5050497
5051112
5084267
5086569
5099217
5105896
5118969
5129217
5129343
5130384
5149082
5158851
5175963
5185922
5193504
5193722
5208195
5226339
5227250
5255847
5332005
5334157
5335050
5345838
5376668
5407279
5443950
5467680
5484247
5484327
5488897
5502245
5502329
5504412
5528385
5542159
5545382
5545544
5546436
5579247
5591183
5602375
5604107
5619324
5645645
5693126
5696420
5709218
5711769
5713693
5770857
5796837
5822442
5843047
5866217
5879333
5880823
5893113
5905367
5940004
5940108
5945770
5953030
5957521
5958634
5958911
5968626
5968664
5971648
5979471
6006296
6025237
6066871
6068339
6084470
6129182
6132642
6169481
6176706
6178229
6180360
6192942
6196798
6219185
6231332
6248680
6283758
6293023
6303059
6315199
6341383
6361142
6403010
6414054
6422805
6550830
6552021
6552236
6553837
6585542
6616853
6619227
6621339
6635271
6654182
6657138
6657993
6678543
6695862
6696491
6710532
6711950
6719766
6727068
6752869
6804046
6845025
6869026
6911041
6916582
6958407
7010785
7040794
7054365
7122663
7158123
7183782
7186298
7186303
7261643
7281180
7303275
7314748
7320599
7374284
7430437
7432074
7444548
7449939
7454466
7475037
7476046
7500752
7504413
7510339
7528654
7550011
7554817
7632968
7672061
7672634
7706768
7709253
7742132
7744845
7758175
7759532
7858967
7890332
7903918
7909472
7926342
7927171
7931773
7942587
7947192
7957911
7997244
8016619
8018670
8024404
8038948
8062588
8065127
8075344
8119012
8133628
8149743
8155601
8165418
8189240
8223881
8239380
8239422
8239424
8261053
8262785
8287205
8287343
8299847
8300826
8302855
8308097
8339005
8345026
8362613
8364973
8418338
8420097
8425314
8427840
8440815
8445877
8466592
8468064
8488695
8501255
8511390
8567113
8588006
8643463
8656289
8669991
8673556
8698871
8737795
8740014
8786762
8845189
8860195
8863498
8866157
8869566
8964717
8964719
9013068
9015219
9037427
9062141
9066348
9130326
9155557
9156098
9157572
9176228
9245139
9288573
9298149
9307532
9311485
9357723
9372919
9400721
9489351
9506097
9528539
9532108
9551327
9567723
9612362
9698810
9724258
9724576
9744939
9755089
9755772
9759680
9786387
9807442
9823607
9848492
9849638
9943004
9949421
9961233
9992609
10004986
10028046
10043840
10057844
10057918
10062329
10092741
10106667
10106924
10135060
10144320
10153331
10184178
10206146
10232634
10249897
10253485
10278274
10303097
10322838
10337310
10371052
10374964
10388186
10388316
10388639
10390592
10394540
10447608
10448253
10453668
10459756
10462254
10463929
10464526
10471922
10481797
10514121
10539476
10604469
10624820
10627912
10642469
10674933
10692035
10692539
10741136
10748304
10754609
10774987
10781458
10810844
10829652
10830800
10831277
10849631
10853687
10856369
10876049
10903417
10920882
10940496
10945113
11003505
11005161
11007638
11052794
11076849
11138224
11162999
11227886
11240782
11262536
11293782
11315029
11347192
11371501
11376022
11413847
11426474
11434894
11462134
11478151
11478335
11485567
11486527
11505600
11507986
11510494
11512581
11530168
11530786
11530839
11537707
11555799
11610486
11614045
11617761
11652055
11674740
11772154
11773684
11774162
11775705
11795267
11797245
11798407
11799022
11799059
11801296
11803907
11804045
11804760
11808595
11830462
11855100
11855523
11871474
11911269
11911579
11913490
11930223
11955243
11962984
11963840
11980558
11999347
12007828
12009870
12011233
12022115
12042415
12062723
12063390
12074041
12092638
12097895
12097952
12098794
12116325
12137438
12143926
12144545
12146781
12147249
12155794
12165891
12168719
12173061
12173989
12184777
12185522
12205090
12226153
12226579
12227926
12229494
12279038
12281083
12284414
12299187
12355576
12393090
12407794
12408735
12437271
12438248
12448022
12449636
12465835
12472342
12474216
12486556
12500073
12540003
12565890
12596178
12603360
12620024
12623679
12634492
12647052
12656877
12716484
12720501
12744400
12788321
12804424
12820695
12874020
12904124
12936969
12980120
12983155
13046603
13047254
13108007
13144881
13162990
13176855
13176859
13188162
13193960
13213607
13222122
13225816
13229757
13255295
13258001
13264075
13272464
13285198
13334074
13335996
13356617
13387595
13388615
13422259
13424502
13450579
13480349
13484547
13484589
13568290
13568537
13597853
13600417
13602575
13607175
13609271
13619682
13625170
13625721
13626138
13754667
13756563
13782153
13782524
13782668
13787939
13809028
13828854
13887656
13911343
13934299
13939482
13968061
14034085
14055360
14068993
14126678
14149869
14178272
14183505
14189199
14193660
14213183
14218943
14242819
14347962
14359429
14398976
14402826
14410482
14412178
14437504
14439042
14449162
14508866
14510291
14535513
14540366
14592078
14627688
14688274
14694477
14724298
14726130
14728692
14732989
14755346
14851470
14865638
14872846
14877535
14884579
14900057
14901271
14904920
14906200
14910657
14926602
14988448
14996393
15086450
15090616
15115355
15126458
15176737
15236450
15256436
15266116
15293105
15295761
15326613
15342073
15351439
15360351
15458648
15475976
15483625
15496990
15540495
15554011
15623266
15651901
15694263
15711138
15715124
15728225
15746510
15747163
15757091
15782340
15787619
15875208
15890725
15918523
15934254
15935144
15985595
15992331
16088188
16088589
16091171
16120890
16157648
16190360
16317714
16352894
16365926
16395816
16398555
16414488
16418113
16434746
16483096
16489456
16525080
16549503
16562906
16564812
16709798
16714232
16748332
16757991
16784124
16820560
16848775
16897542
16955588
16958883
16960008
16962474
16962509
16968462
16974682
17000439
17004640
17027203
17038866
17074141
17077684
17077705
17077782
17228848
17261307
17304903
17305148
17400614
17440358
17547030
17649224
17697965
17728351
17870903
17905465
17918473
17933039
17966190
17974397
18004634
18131746
18305689
18310175
18310297
18347210
18377667
18378198
18385500
18428453
18499964
18565928
18635137
18649963
18689107
18737061
18766203
18805368
19039693
19124048
19256558
19292712
19361280
19394324
19443503
19460585
19462601
19464261
19581847
19754734
19795722
19838003
19898374
19958457
19987299
20033605
20041295
20071383
20078799
20118409
20241576
20260861
20269575
20343882
20413296
20424049
20529805
20536812
20543313
20572454
20601618
20662493
20679812
20704808
20739722
20740188
20749055
20779307
20785678
20786561
20787131
20896218
20903296
20986919
21018948
21218031
21404476
21442343
21622084
21652145
21666105
21666947
21782593
21948628
22079954
22120562
22155338
22170588
22186172
22222472
22224824
22358359
22369878
22385433
22391059
22428149
22473144
22474154
22486719
22494672
22660710
22849460
22855336
22970808
23085428
23198143
23367980
23403195
23473154
23474185
23623640
23717944
23847898
23872149
24111068
24197068
24214297
24237267
24333306
24341833
24466297
24569516
24604854
24608722
24621449
24663344
24729584
24730862
24731392
24751412
24772020
24868556
24998393
25087963
25345764
25548100
25573868
25607057
25646513
25709507
25939661
25942626
26026678
26128083
26171298
26171310
26335505
26372427
26597245
26660004
26778863
26818109
26916610
27102147
27153988
27400943
27491081
27500052
27505297
27553953
27757131
27768017
27795415
27795464
27886568
27900139
27931192
28238122
29026394
29032547
29147783
29148618
29148756
29168574
29221050
29318955
29451879
29478566
29572408
29635610
29638616
29654750
29675246
29677035
29696224
29827914
29876976
29944515
29986552
29991349
30045878
30070306
30260227
30430395
30486541
30735890
30788502
30935290
30945072
30977022
30987371
31032229
31043373
31278668
31281238
31382536
31475542
31625734
31627549
31662030
31737584
31976718
32181198
32332962
32610873
32807779
32878519
33058088
33079419
33373163
33492165
33510952
33570157
33574574
33740443
33942985
34026357
34032760
34137311
34280439
34288148
34348293
34405556
34486890
34701425
34767010
34834076
34935398
35046325
35050991
35187214
35242606
35346591
35514077
35560856
35791493
35884697
35904059
36055297
36090132
36093299
36262070
36438929
36467159
36521298
36672511
36684234
36909895
37096852
37189021
37214323
37221100
37247702
37327231
37864995
37935902
37936008
38012155
38054630
38123665
38153183
38176962
38325182
38445019
38453285
38499978
38691395
39343736
39389693
39570994
39580091
39596936
39650858
40141216
40279427
40355074
40465073
40512804
40615939
40657086
40732537
40738869
41042280
41118831
41167069
41172835
41379287
41448977
41491831
41492378
41541489
41571846
41794944
41928558
42083691
42123842
42262179
42311299
42480203
42554736
42732085
42936537
43087696
43920132
43935195
44022339
44414677
44543768
44778792
44947240
45126018
45407070
45553812
45559255
45644675
45998933
45999152
46129520
46592718
46740000
46843054
46881916
47089276
47138482
47148811
47150089
47153434
47273618
47296670
47334906
47410202
47431250
47519924
47560383
47583415
47589401
47634130
47636140
47654784
47788083
47850562
47853618
47948441
48192804
48198965
48380423
48437985
48598890
48763204
49097490
49147441
49153505
49234872
49238880
49411102
49439774
49463655
49498044
49589537
49594535
49598337
49746906
50109660
50435285
50455358
50537991
50598659
50700856
50859990
50868683
50869142
51051090
51152310
51173703
51344926
51453379
51524549
51860739
51879787
51945556
52301700
52305805
52484308
52545547
52642178
52677594
53125355
53331378
53524668
53835628
54125689
54150855
54216425
54233323
54378638
54418702
54468687
54516630
54518599
54665469
54678392
54739237
54927600
55011454
55162720
55565073
55647080
55902183
55998182
56078241
56090574
56096863
56130883
56177858
56181122
56255498
56267605
56270609
56352205
56520073
56546949
56649232
56712021
56714364
56798220
56891021
57038336
57152411
57152607
57318384
57329550
57342146
57410216
57907201
57957440
57978644
58004010
58005448
58411528
58500486
58653296
59038600
59060155
59146870
59153021
59324428
59518203
59518325
59688646
59693485
59698544
59763763
60213293
60295417
60357859
60422702
60533053
60562406
60564699
60564742
60632231
60656641
60668195
61048733
61051969
61141696
61154461
61155473
61158773
61204818
61224495
61327915
61405720
61508149
61589034
61669695
61728876
61747373
61753178
61917710
62065741
62242779
62276911
62299366
62326251
62528617
62674936
62718078
62828330
63082626
63109099
63226637
63268658
63373326
63499087
63967308
63981793
64040080
64147918
64181161
64189842
64199122
64329252
64447219
64503467
64510349
64641936
64705668
64789252
64814808
64871256
64954388
65250639
65420296
65502236
65581193
65708654
65753203
65773311
65826829
66013271
66014158
66035934
66397077
66408109
66424517
66454160
66455460
66500640
66610997
66661784
66815019
66871326
66879492
66881645
66945580
66965482
66973691
66990159
67049496
67052116
67060013
67069766
67133912
67158702
67167322
67168347
67175314
67189659
67224287
67248058
67534807
67543092
67646563
67705592
67760474
67955164
68033453
68145269
68358331
68396155
68563130
68691677
68853444
68953324
69063725
69299342
69416723
69475018
69606306
69661323
69908161
69908253
70015447
70260644
70278869
70285026
70718222
70747315
70816192
70819305
70903180
70923679
70954529
71293365
71296340
71301644
71377552
71381573
71382400
71478104
71488859
71692879
71760309
71791441
71822188
71823522
71833883
71917450
71936551
72148393
72156873
72448327
72467079
72542992
72564062
72617498
73130501
73285191
73303683
73312518
73314155
73399852
73419229
73423088
73435111
73728865
73817623
73839860
73851404
73867867
74056420
74079320
74391862
74424108
74484490
74533571
74599550
74611644
74623412
75005738
75110155
75153111
75178884
75244322
75322406
75759830
75887039
75890749
75947392
75978011
76094257
76280174
76586087
76588546
76666732
77477489
77558539
77702046
78120481
78443752
78477836
78552659
78662163
78675613
78683588
78695737
78733108
79115616
79255092
79465929
79503120
79606018
79618228
79754000
79858536
79901185
79959548
80035281
80065866
80132813
80143243
80159539
80443048
80456926
80468964
80576211
80634006
80635334
80682991
80855878
81131784
81290388
81361293
81383521
81431160
81478327
81618516
81712364
82116845
82210933
82305229
82328602
82734717
82790797
82820639
82854234
82959739
82970009
83474411
83616011
83836848
84080992
84105265
84155600
84235641
84246534
84405685
84859766
84860689
84867965
85009095
85135121
85198905
85230287
85330844
85336090
85746343
85845439
85876974
85883310
85970016
85984255
85986805
86351279
86393473
86396859
86459466
86518271
86572596
86614144
86629801
86843062
86846772
87075309
87125419
87207109
87277794
87370511
87462666
87475449
87508136
87838138
88090833
88212628
88286916
88311467
88540062
88599371
88669389
88696947
88952421
89013922
89311627
89387692
89423563
89509123
89944116
89967872
90055148
90070411
90085427
90200243
90287580
90299295
90389367
90519421
90629510
90766983
90781060
90795093
90895221
90937397
91025830
91056936
91113088
91134925
91137409
91392306
91397530
91506145
91600660
91601765
91604635
91715783
92103214
92105276
92191078
92198923
92214642
92416852
92538037
92878097
92953957
92990496
93072147
93081684
93093386
93417041
93463577
93678329
93684113
93751745
93771070
93851977
93954985
94113094
94237389
94244249
94260720
94396320
94468569
94470326
94545200
94582067
94626103
94771199
94788771
94804635
94811234
94827171
94910568
94920453
94925801
94931068
95013304
95021234
95051007
95057653
95072682
95114338
95118531
95131947
95137914
95139799
95140137
95140345
95145936
95149384
95160506
95242980
95259659
95416446
95456518
95474899
95494936
95585923
95612218
95631788
95700575
95716928
95826386
95847678
95930454
96083249
96105612
96173346
96326546
96352135
96441111
96467367
96467399
96543347
96734146
96796810
96801005
96827417
97114241
97147345
97278774
97409699
97497338
97520365
97615627
97620171
97658137
97736518
97765749
97829375
97856703
97945591
97981969
98068404
98329921
98335468
98339527
98352978
98353386
98382357
98443874
98468474
98580634
98582045
98634211
98656056
98666728
98721026
98814844
98946937
99254557
99268773
99373573
99377734
99536276
99581052
99603599
99605620
99627522
99726915
99947837
100299678
100318272
100320285
100392459
100498262
100621080
100626078
100643471
100747204
100752936
100972766
100998992
101103831
101232178
101320789
101339155
101339717
101341839
101614781
101812713
101898496
101988779
102013480
102032095
102364457
102420585
102500961
102614321
102620744
102635209
102761642
102790787
102871824
102915628
103143810
103198064
103324502
103328391
103358329
103420663
103463850
103480587
103623628
103696070
103696258
103696531
103696598
103702298
103766152
103937065
103973118
104026530
104140289
104253423
104359630
104520566
104793833
104856797
104900910
105078143
105164552
105205189
105451568
105568745
105686878
105823831
105887419
105927324
106006325
106317593
106558829
106567988
106618395
106740471
106811377
107075103
107154734
107154939
107333212
107704350
107738299
107739364
107932286
107935201
108059563
108131432
108205418
108268893
108313282
108325833
108329747
108331191
108454421
108473492
108475760
108578298
108893908
109011567
109182540
109185727
109186865
109199745
109207240
109215226
109219048
109407062
109446436
109455239
109649002
109926111
109974009
110040584
110107689
110154881
110292458
110399813
110544064
110600591
110676145
110791635
110906175
111141324
111144322
111424748
111439569
111457586
111720282
111746161
111887061
112264449
112270205
112358967
112403394
112521071
112628405
112704335
112775522
113065626
113065679
113065752
113097809
113105003
113216259
113299504
113347711
113356047
113375109
113510199
113626358
113739074
113906049
114022283
114040230
114047639
114139096
114154387
114299499
114309521
114403905
114411644
114635787
114696252
114701900
114798976
115054291
115056887
115079138
116186459
116287677
116696476
116838415
116871315
116959757
117008757
117025216
117036102
117066382
117145473
117146369
117269126
117313352
117323083
117394867
117453904
117527319
117624308
117680922
117692324
117702347
117716982
117719903
117725445
117733502
117738861
117753725
117754222
117754231
117860444
117865703
117871837
117883919
117925894
118058017
118509939
118659677
118682093
118815677
118840043
118921540
118927765
118938948
118975633
118986461
119077536
119083745
119091592
119095063
119228008
119410205
119432745
119725335
119834093
119835721
119854093
120039636
120056305
120648980
120658728
120662411
120672766
120681434
120767477
120784754
120828427
120856192
120949236
121109429
121398943
121410622
121421282
121429622
121436042
121452382
121457862
121482857
121548911
121556557
121564129
121568423
121580630
121651639
121677599
121680542
121684252
121696288
121778656
121818352
121825657
122004833
122249905
122270706
122293247
122376534
122381395
122417516
122421109
122459264
122491667
122495616
122541678
122656025
123006123
123007386
123008672
123035310
123178337
123195915
123220612
123273570
123297318
123337320
123339758
123343629
123357973
123360032
123431173
123458893
123459479
123477943
123608663
123712598
123739101
123748042
123858191
124081200
124286094
124291084
124335089
124420572
124436690
124596026
124925968
124927426
125088390
125247598
125309285
125356464
125460200
125525304
125548527
125784785
125909943
126048136
126086207
126093334
126170630
126170666
126221141
126246167
126254138
126368843
126392723
126398963
126405982
126513005
126538550
126548991
126622965
126627066
126637234
126745392
126890929
126931903
126987754
127008241
127015958
127041741
127057355
127164071
127205892
127322532
127387262
127446259
127454577
127771884
127792171
127913600
127936521
128110062
128214981
128258955
128273448
128431539
128801772
128916386
129063203
129128300
129128526
129146927
129314090
129320099
129348447
129467779
129468530
129812486
130007444
130125658
130145239
130188336
130261712
130391488
130878690
130903029
131072895
131162384
131324337
131326337
131534651
131764336
131766583
131805203
131849376
131918250
131936438
131992117
132024834
132035779
132057159
132066100
132440851
132477811
132494239
132514846
132517102
132517647
132519488
132532451
132631853
132639715
132692912
132713908
132778628
132786015
132796648
132798560
132907428
132959086
132992102
133096886
133104389
133443887
133463076
133538628
133541999
133564294
133573595
133581668
133701201
133710727
133715403
133741770
133760300
133862171
133871897
133958344
133994040
133995697
134098389
134221699
134292982
134311947
134459110
134769340
134773154
134773877
134778618
134874510
134881841
135406161
135548199
135654887
135722832
135744285
135762489
135772640
135885844
136034226
136208219
136230356
136323603
136388487
136642404
136642748
136650894
136959794
136965915
137051125
137052307
137090369
137108861
137131039
137494562
138057574
138082689
138116734
138159767
138199960
138208312
138219940
138330716
138636717
138636936
138653303
138656300
138706792
138746838
138764380
138768749
138783838
138802406
138916717
138936382
139099281
139608150
139867434
139906078
140035608
140036364
140370621
140375041
140465971
140470804
140477720
140481675
140495261
140602917
140603790
140620098
140734490
141154380
141187551
141193842
141295354
141329812
141434150
141532407
141574159
141631545
141727845
141736557
142004384
142015071
142175885
142202470
142204741
142220704
142331519
142336689
142345133
142365658
142496978
142601022
142611805
142620725
142722795
142876693
142901979
142926354
143031197
143040428
143045640
143056560
143132528
143203416
143316887
143331628
143447217
143453134
143483928
143537075
143723312
143757800
143883018
143933596
143960081
144072340
144169928
144213472
144321796
144591780
144646527
144810795
144904527
144907846
144909243
144921822
145002681
145010440
145047337
145047941
145328139
145425084
145451011
145451568
145462127
145587693
145608314
145739760
145774265
145795608
145905490
145919321
145927844
146022917
146328283
146361591
146463224
146506330
146632146
146651648
146782428
146819866
147153989
147394474
147425606
147542967
147719623
147851528
148156572
148187505
148339477
148384120
148472084
148519764
148531467
148542015
148559032
148562350
148668576
148822285
148833346
148928672
149115924
149156462
149188169
149196439
149268980
149323071
149323581
149630920
149661950
149664055
150133371
150147552
150148987
150173224
150275362
150322578
150438505
150551076
150751381
150769106
150778459
151099855
151129192
151165653
151269839
151273735
151291067
151308024
151318622
151444207
151459252
151593650
151593840
151620831
151633712
151637394
151693956
151714323
151772904
151787579
151991767
152151773
152172287
152236126
152249552
152254329
152270520
152279719
152287305
152308394
152335132
152442776
152524113
152642982
152649727
152667324
152798392
153167290
153185082
153242699
153312513
153362005
153652059
154176485
154370443
154387528
154401315
154427019
154663863
155231331
155249803
155255245
155270619
155401929
155428187
155435828
155604136
155617621
155618461
155628786
155636922
155736002
155891155
155910832
155916827
155926035
156235743
156238333
156254104
156259911
156274712
156283547
156393032
156408626
156418318
156424853
156428360
156566663
156610282
156611517
156620789
156621085
156721675
156743938
156762020
156765700
156787776
156791869
156918370
157453557
157509993
157583754
157592706
157608734
157627822
157694835
157750558
157840707
157889606
157919141
157948709
158029573
158100417
158285095
158292026
158416803
158632441
159341229
159536750
159554500
159587446
159677506
159712361
159721046
159743033
159743946
159854643
159861655
159864430
160235962
160262866
160266310
160376739
160407406
160530617
160536880
160728383
161231051
161394611
161397941
161407865
161408286
161472941
161511456
161511520
161553596
161559732
161670469
161675914
161677588
161808293
161825599
162145909
162177159
162201662
162204033
162224454
162227212
162256825
162315399
162332118
162456650
162464608
162630160
162643615
162747347
163435564
163840619
163869966
163996244
164018704
164128033
164151115
164474651
164511141
164701674
164907985
165128536
165130721
165182885
165258225
165258791
165317757
165920153
166065979
166096917
166131978
166252898
166278294
166402329
166924264
167019497
167048165
167194222
167234265
167459852
167596229
167604070
167611694
168001579
168004272
168005775
168008681
168096873
168172037
168183896
168362978
168480458
168632851
168683905
168775542
168779708
169164913
169165990
169227126
169325840
169365193
169380244
169452728
169460124
169471700
169609248
169655774
169759745
169765564
170009255
170088233
170156110
170219009
170220775
170370422
170445449
170452907
170541779
170579373
170632873
170663295
170734513
170876990
171118493
171345727
171510747
171524133
171574246
171724905
171747966
171749347
171850311
171947312
171961066
172081639
172095074
172111960
172134946
172136994
172142137
172505559
172543191
172568482
172579904
172591694
172600388
172699471
172733262
172971925
172975182
172977064
172984434
173002039
173003007
173070968
173149833
173155670
173174276
173187695
173189853
173192611
173323905
173330793
173512250
173808681
173811561
173958859
173959638
174144552
174234279
174241252
174365955
174402336
174429607
174429883
174458684
174529815
174567442
174568303
174932191
175044739
175063227
175081437
175239038
175269627
175296914
175447718
175507916
175660851
175668001
175673078
175689795
175708620
175839913
175858449
175900105
175901092
176491118
176523705
176553291
176589570
176783358
176832518
176987056
177021887
177159928
177172444
177470637
177605105
177621850
178255482
178924891
179060014
179143898
179144995
179357630
179374390
179378125
179381552
179431725
179646721
179668474
179674615
179694253
179712996
179716502
179819276
179837514
180125920
180143192
180231772
180504017
180594459
180648697
180661701
180667548
181043989
181510271
181570114
181677179
181680031
181721563
181731645
181770054
181778917
181786137
181839090
181915763
181985450
182077047
182131829
182136573
182158585
182350768
182850908
182851739
182878353
183028216
183092878
183282596
183297813
183496065
183505771
183654341
183675454
184259500
184309680
184330306
184483242
184625805
185010172
185257367
185496813
185616392
185644848
186000080
186006197
186027920
186030992
186059689
186278684
186478695
186654201
186688289
187069499
187083937
187205323
187242659
187245880
187256840
187649029
187654313
187873204
188074891
188075626
188105244
188321921
188411188
188486298
188787185
188822128
189035454
189048651
189181862
189225085
189621607
189627244
189631126
189646497
189948537
190053305
190089857
190255667
190267790
190400828
190463036
190466678
190556958
190630510
190641912
190647570
190651648
190774929
190786254
190899605
191204397
191439406
191593256
191628720
191648604
191781517
191804216
191845121
191925036
192021756
192061034
192344525
192411685
192413905
192617735
192638656
192810277
193009408
193065332
193111719
193129739
193512536
193564273
193576035
193892388
193989820
194091255
194091353
194148248
194165864
194400983
194455957
194503207
194720964
194727402
194777711
194907618
195088520
195114225
195198842
195358486
196060235
196082846
196261184
196768367
196937052
197037001
197233401
197282058
197424214
197443086
197458560
197476416
197503034
197524222
197613389
197822806
198238924
198274209
198280368
198378887
198471954
198489820
198503609
198506555
198605906
198663175
198704337
198718756
198856072
198897892
198898410
198898428
198962334
199004945
199009646
199019230
199046173
199060792
199075811
199078048
199089224
199089274
199220696
199322854
199435675
199541346
199668429
199679201
199757444
199911122
199932222
200020584
200089704
200092711
200113666
200274449
200728449
200743404
200836083
201122243
201340870
201536481
201545956
201698107
201965600
201981399
202027175
202172005
202185621
202187375
202232604
202450468
202520146
202621948
203262211
203429777
203449977
203885126
203885181
203885234
204055144
204083907
204126809
204534579
204535087
204551503
204560542
204562058
204575709
204724067
204742132
204770076
204774480
204929941
204939340
204944941
204945095
204955567
204964329
204980769
205236021
205240974
205248675
205255949
205444134
205471229
205694897
206119439
206152576
206193600
206270194
206272252
206362104
206363102
206363663
206389858
206409314
206461646
206839088
206882036
207238943
207362749
207674621
207801531
207840450
207845710
207900907
207923854
207930939
208092614
208114511
208135877
208498644
208818684
208883147
209004318
209022648
209055575
209121319
209311208
209624162
209635836
209692406
209783975
209832060
209887212
209921937
210331593
210366832
210428047
210428733
210671003
210909453
210923358
210938427
211124181
211155316
211169016
211169158
211173991
211183674
211363630
211392714
211401005
211425015
211686543
211904995
211952688
211971388
212095594
212102713
212127355
212197128
212372482
212420916
212452540
212576882
212587282
212639769
212839600
212852952
212897430
212909990
213012137
213359595
213459863
213485647
213492405
213508795
213633491
213686028
213707128
213727804
213729369
213737523
213754471
213947113
213951824
213969503
213992411
214005932
214016415
214022936
214027467
214043454
214230863
214237217
214240588
214469167
214518377
214539050
214561279
215010208
215104198
215132465
215148383
215263010
215270553
215312373
215354127
215362744
215415458
215484720
215794590
215876197
215975227
216000992
216058011
216081529
216104371
216111712
216589864
216626060
216631421
216652698
216675226
216826908
216873502
216963994
217124069
217140985
217275303
217342746
217364058
218131804
218150891
218166435
218176321
218300505
218336978
218551651
218582798
218641858
218644911
218803074
218825342
218842564
218899140
219066903
219073392
219477294
219601657
219722120
219793566
219798668
219856470
219859992
219962247
220009727
220036872
220060338
220261262
220265048
220517988
220537909
220541312
220570300
221064339
221101274
221181294
221238710
221278178
221327838
221499399
221539759
221795427
221957683
221999425
222005289
222036344
222712283
222742774
222970158
223233727
223237698
223282350
223288119
223288674
223437589
223475207
224006842
224030701
224037945
224161402
224230543
224247941
224248133
224293603
224403537
224418943
224447081
224457643
224821441
224839316
224856945
224931515
225354327
225388130
225642626
225645063
225655966
225704476
225724406
225743206
225954664
225976726
226117852
226144421
226153856
226191793
226199606
226199849
226224553
226359325
226404439
226416484
226555525
226839401
226909756
227155003
227212390
227214933
227360530
227379765
227408339
227429112
227451116
227558454
227619127
227639359
227646578
227661868
227694112
227748170
227792338
227820539
227871184
227875524
227902922
227905216
228385385
228436361
228446948
228458731
228474970
228575597
228708896
228870620
228898218
228910475
228928184
228931693
228969918
229039720
229292108
229314277
229345048
229425264
229434737
229767791
229825487
230525339
230940339
230949048
230989858
231479943
231551273
231849706
232181437
232184157
232362138
232363504
232386632
232392924
232426962
232473574
232610597
232611543
232641654
232679545
232915540
233033082
233088429
233090802
233563120
233630244
233653829
233673130
233678952
233713193
233898677
233953071
234053532
234141009
234156652
234358977
234396278
234398438
234567375
234619968
234625721
234644555
234953488
235088076
235241254
235356084
235377607
235423036
235425948
235435324
235455950
235572175
235645931
235686200
235850504
235942870
236020450
236042725
236045217
236066687
236429965
236595019
236611950
236628555
236831332
236882716
237026627
237280520
237975167
238044196
238086000
238252694
238277178
238311816
238336555
238405025
238509016
238512722
238560333
238805014
238817277
238964063
238964474
238996957
239017386
239031687
239224449
239584900
239690097
239818593
239873463
240028403
240086119
240087376
240099856
240105266
240302474
240366614
240402377
241083433
241202131
241345685
241454851
241456470
241559767
241646912
241741327
241911048
241960927
241974717
242018134
242023753
242042331
242113932
242157097
242177937
242697066
242789038
242789155
242791995
242842897
242848911
242990297
243008899
243083766
243089176
243105855
243190859
243220366
243227337
243263954
243291757
243363235
243424536
243514714
243848467
244374617
244379719
244392516
244470394
244674746
244677518
244679850
244740108
244783615
244931022
244962403
245015572
245019397
245250372
245251913
245304009
245309735
245447791
245519314
245713052
246089268
246093485
246095252
246096042
246099769
246135869
246312368
246403639
246425981
246608863
246639478
246651816
246657915
246706964
246825900
246850093
246894232
246923270
246929362
247016253
247019615
247089988
247113849
247114020
247125099
247149680
247160574
247165454
247723781
247805129
247832035
248025847
248274824
248609158
248640895
248651514
248717874
248797302
248824760
248848874
248853758
248855526
249501720
249508943
249509808
249517081
249526464
249712171
249720617
249792952
249801081
249855977
249961053
249986929
250080547
250095930
250096046
250102770
250171817
250216826
250289715
250401661
250437231
250544840
250599258
250605917
250607747
250686455
251150238
251164750
251232967
251275412
251416534
251456997
251747948
252039835
252068604
252200765
252256114
252273047
252281060
252418378
252556344
252569650
252581700
252593080
252628408
252676672
252770689
252887643
253568770
253576918
253578893
253646950
253703318
253830564
253831084
253910734
254009189
254024062
254106985
254137565
254141159
254142190
254157035
254234128
254261513
254443255
254506496
254801119
255296582
255468519
255486735
255681204
255720432
255935149
255970506
256029640
256033619
256044246
256056317
256060490
256159925
256240541
256315472
256497043
256528992
256537080
256590388
256602569
256624880
257283008
257319672
257323378
257368642
257420947
257428902
257474849
257535065
257633154
257980405
258301319
258326001
258338610
258359036
258553782
258579720
258593611
258913169
259435154
259445878
259718712
259983028
260216440
260221787
260253243
260344979
260558426
260757063
261286271
261311441
261512303
261601143
261790601
261900878
261931920
261932185
261932250
262014300
262030399
262205385
262408184
262445889
262658807
263055920
263069265
263112000
263114190
263118253
263133559
263364861
263425288
263441872
263619390
263685923
263763144
264022369
264038496
264222121
264231899
264260150
264279054
264533504
264615026
265042334
265071161
265345373
265381306
265393217
265412015
265586151
265665625
265805420
265882329
265969140
265976825
266166193
266592020
266912097
267097311
267169438
267178648
267341369
267368076
267884332
267891693
267897824
267915437
267976236
268333281
268548400
268582554
268632364
268904090
268931822
269197538
269227927
269432561
269436152
269485166
269667673
270009863
270819551
270840121
271022072
271246459
271324313
271509493
271538592
271820387
271821081
271825497
271837854
271843888
271866190
271877346
271884922
271896287
271905527
272437303
272466417
272493455
272537132
272791288
272803323
272917265
273004064
273116407
273208524
273294251
273295423
273324140
273335182
273385111
273813385
274186807
274190073
274478624
274492720
274515747
274602236
274646242
274722070
274723380
274734422
274928640
274960289
274975110
274989198
274993922
275223656
275727933
275751528
275872040
275876253
275894405
275897062
276144081
276157955
276207736
276213636
276216263
276231715
276236384
276470909
276484364
276491156
276618465
276886784
276981693
277573134
277573683
277628501
277667183
277877309
277884357
277904802
277935472
278046189
278125757
278181978
278242609
278256637
278345400
278345624
278399197
278620660
278624356
278667061
278695210
278735967
278735994
278736032
278751958
279264784
279317970
279334065
279591573
279609616
279657651
279672913
279675519
279676709
279679561
279690065
279700933
279733857
279733880
279733918
279734009
279768247
279883603
279952657
280147110
280202848
280227065
280240067
280240204
280240280
280240352
280240404
280240453
280240497
280241223
280428651
280495874
280504719
280505757
280574134
280588875
280959650
281021617
281131294
281204090
281206553
281346357
281450349
281471307
281498858
281795086
281818347
281820385
282014282
282015390
282062865
282145414
282208307
282229267
282267263
282302506
282308232
282311502
282318322
282323764
282330669
282918917
282969406
283017211
283311936
283465846
283492428
283495606
283560649
283590371
283592074
283752196
283811974
283861946
283871290
284047055
284648400
284760079
284855072
284863512
284889885
284923346
285079446
285087846
285173973
285213776
285241884
285347310
285351993
285447951
285624718
285642147
285648809
285679193
285690769
285725765
285800239
285858849
285896595
285927114
286058868
286113322
286447365
286498832
286577273
286632166
286703294
286783647
286821587
286825313
286859940
287072857
287090976
287102242
287112660
287260955
287401172
287488066
287588951
287589121
287627114
288069830
288069946
288309599
288497933
288511117
288535395
288551345
288665565
288915484
289024762
289024837
289054100
289069308
289072055
289073007
289093459
289113623
289114575
289234089
289347208
289382865
289383406
289392070
289896839
289941396
290105914
290249890
290253934
290256115
290286381
290287024
290297723
290307938
290309877
290351457
290570740
290606927
290612073
290641091
290837221
291055754
291136684
291712848
291766747
291782913
291813008
291814634
291829886
291839529
291860387
291866847
292024053
292090641
292115314
292200499
292285497
292306592
292369970
292388657
292388706
292561501
292622631
292700337
292920549
293538165
293940418
294113995
294231384
294242761
294243265
294243400
294243487
294255155
294309535
294318023
294441072
294523684
294709816
294756326
295150089
295453474
295491748
295502007
295562400
295637496
295757675
295853441
295924230
295939576
296016378
296073623
296117616
296144354
296179340
296348183
296582886
296650389
296697065
296706254
296734782
296750033
297293835
297370437
297393793
297419763
297492991
297558557
297682244
297722383
298000563
298096529
298103521
298112179
298120827
298227681
298387773
298528020
298616184
298628342
298630002
299242490
299424572
299653112
299700974
299720040
299900787
299907948
299938352
299986913
300013070
300075997
300296412
300343847
300614642
300668432
300707092
300732140
301552322
301739950
301783469
301795078
301813775
301832416
301833433
301928217
302042084
302071401
302084895
302154963
302414809
302493903
302640505
302665730
302706676
303230005
303421669
303750961
303763071
303786841
303838840
304054357
304054398
304054439
304054483
304054539
304188036
304318091
304467097
304643961
304672748
305419916
305424786
305498186
305509739
305670712
305811857
306087997
306184999
306374672
306415528
306434305
306465727
306630580
306689590
307417139
307442577
307482775
307510793
307540711
307744819
307762635
308099304
308125333
308145223
308374335
308447556
308620845
309249991
309406869
309501482
309667843
309764065
309764208
309796403
310126513
310149423
310310525
310519950
310617516
310654887
310655440
310655888
310670121
310698846
310715108
311331033
311450393
311480234
311494738
311508995
311578732
311634398
311755503
311824589
312296607
312378122
312466302
312536858
312562805
312580301
313402268
313451971
313500796
313500920
313638412
313744680
313760950
313796083
313990359
314263010
314300256
314331915
314336339
314348081
314348629
314358983
314376414
314379490
315411285
315411317
315454672
315470662
315753931
315787720
316061071
316102308
317200252
317231913
317265462
317290241
317323679
317519602
317550787
317651055
317675635
317947437
317956223
318011040
318022407
318179752
318274333
318327460
318525905
318599294
319406946
319663664
319669464
319697922
319736032
319997716
320175303
320600756
320683159
320692386
321165193
321393830
321716806
321728150
321734854
321955319
322054847
322092714
322152991
322410901
322566418
322741892
323357551
323444861
323445790
323446378
323450558
323679751
323704320
325817687
326644402
326658380
326836542
326975662
326975831
327091935
327097264
327343783
327485831
327631329
327670492
327723032
328733343
328748938
328751076
328752383
329138418
329197872
329469562
329475247
329625002
329643428
329694104
329713150
330687837
330941501
331033869
331098171
331129457
331199292
331234237
331413684
331439723
331445684
331458587
331670429
331681989
331711813
332031188
332053478
332830376
332936166
332947027
332947196
333171713
333182230
333214929
333518754
333557701
333834481
333885565
334911993
334921209
335029565
335034838
335053408
335418843
335441929
335488444
335579754
335913878
336040882
336063788
336352457
336434475
336821243
337053165
337154931
337161303
337185932
337214097
337431405
337466585
337470893
337522838
337642534
337742819
337840882
337862328
337896797
338009154
338055240
338072639
338075030
338315265
338437243
338601823
338849756
338972492
339514788
339772741
339828095
339990114
340121709
340184736
340220693
340330828
340512795
340515425
341143426
341293953
341303610
341350283
341354428
341402843
341698902
341735909
341931972
342027731
342036163
342044455
342051843
342299550
342329743
342346900
342375893
342417665
342539807
342621046
342662420
343027102
343460928
343463039
343465061
343490565
343502485
343519355
343832238
343937078
343970297
344220047
344249667
344269438
344290462
344323324
344588254
344819292
344853282
344906484
344920906
345589243
345703473
345743061
345769173
345811829
345822707
346035395
346058989
346083964
346110082
346113472
346158053
346331073
346526122
346531936
346753914
346806273
346859905
346946990
347156800
347173388
347994391
348300013
348493620
348829645
348834553
348852167
349110270
349143670
349196452
349251275
349286788
349411843
349473249
349488888
349523408
350098194
350424251
350436517
350747246
350787197
350796677
350824874
350869147
351028559
351076459
351170572
351173749
351187188
351262662
351273516
351306953
351599303
351894376
352658100
352701019
352735891
353010028
353082019
353082105
353094933
353462508
353493721
353518064
354071472
354150834
354155756
354829435
354883073
354902086
354934516
355295819
355558119
355699127
356090906
356270591
356342871
356368866
356369378
356418789
357023687
357340319
357355835
357408355
357492979
357657090
357677065
357687202
358001760
358060572
358096680
358217888
358294458
358341371
358352457
358602617
358620560
358678071
358685470
359551827
359592076
359640488
359898886
360233700
360234772
360270836
360310110
360427099
360680868
360720147
360954348
360963669
361017583
361881752
361888104
361963648
362196562
362495593
362554880
362932028
363242115
363257171
363880695
364003728
364187284
364382368
364390635
364688209
364832227
364876624
364960634
364982063
365015917
365026320
365036443
365069809
365117562
365344312
365358358
365362219
365883325
365898163
366167485
366176923
366475286
366693709
367030496
367160477
367161082
367162344
367180119
367188864
367425764
367470132
368081936
368589681
368603247
368605784
368687945
368705885
368744733
369345203
369363466
369369649
369484649
369505120
369807596
370363895
370379530
370440970
370516206
370800271
371080759
371144484
371145142
371188978
371433475
371522916
371569492
371623118
371778802
371808694
371821619
371999159
372407881
372410330
373062833
373277454
373290968
373438713
373532328
373554953
373605460
373687643
373825936
373904601
374538569
374711631
374749306
374761133
374794520
374865950
375002733
375012542
375063315
375078025
375139971
375449262
375490296
375495471
375737616
375739060
375770035
375806025
375818274
376681068
376876673
376888452
376912993
377296114
377571187
377577202
377795345
377846265
377863240
377869992
377901552
378174011
378251765
378523928
378956094
378958645
379004778
379203473
379224793
379440854
379756795
379842725
379959319
379976096
379988870
380025404
380264109
380312973
380320212
380352334
380827694
380879689
380953509
381107201
381141033
381147790
381170873
381204223
381286371
381381625
381414488
381424739
381487549
381489563
381523868
381572026
381854853
381915011
382056692
382080353
382164219
382181476
382343315
382377400
384353583
385365715
385557975
385559273
385640654
385734168
385960548
386066471
386112525
386165478
386299362
386309113
386357611
386358569
386445143
386467604
386711209
387518646
387609695
387764316
387776954
387894165
387907786
388087145
388101722
388126764
388207325
388215159
388230506
388285786
388427982
388510000
388606893
388627631
389822340
390015817
390046504
390362909
390733376
390819535
391001503
391827352
391908356
392015136
392053172
392164429
392199149
392199598
392199951
392295894
392349965
392358749
392383238
392390549
392391707
392397298
392408219
392579306
392581235
392640709
392640894
392700925
392701183
392867163
393140467
393181651
393389328
393535415
394254709
394373655
394486585
394700133
394736816
394752953
394761823
394782001
394855760
395037511
395100072
395406722
395435721
396488668
396688778
396688848
396821052
396984816
397288097
397331375
397368254
397385332
397398059
397612647
397752667
397753987
397772835
397782346
397859546
397987540
397988854
398015227
398022970
398028230
398057945
398289933
399147290
399431954
399604672
399876721
399914256
399979445
400183832
400255801
400300679
400303013
401464112
401526750
401541594
401563690
401764871
401827428
401856020
402172802
402194645
402284730
402329666
402408363
402475446
402530137
402543832
402745654
402844602
402845331
402858572
402885545
403557425
404041205
404048663
404061554
404163895
404466384
404501675
404739451
404780949
404857582
404889720
404890147
405041453
405070877
405166938
405217381
405667387
405874394
405981507
406075298
406098992
406126168
406160205
406216985
406371002
406399531
406808453
406826835
406835330
407100753
407201537
407248370
407340780
407575132
407583630
407584950
407634808
407658356
407660529
407668061
408590914
408629764
408665498
408832894
408852879
408955733
409293048
409365374
409600422
409614370
409688625
409718049
410051622
410103250
410329116
410773229
410902409
410981210
411027193
411245142
411287805
411337871
411351435
411531057
411643960
411785818
412088055
412224768
412236248
412497586
413259308
413492940
413571704
413583218
413862514
413959124
413961489
413961877
413969065
414027172
414235104
414441999
414634517
414744113
415010084
415024506
415051528
416229274
416249115
416390555
416496322
416502117
416648722
416655644
416741983
416855086
416859799
416898456
416915890
417043950
417079280
417181705
417191367
417194528
417198561
417199944
417308705
417561891
417564575
417573535
417584158
417602910
417656389
418506712
418515395
418524550
418584390
418856199
419008270
419022203
419157101
419395066
419446329
419483317
419511840
419515068
419675356
419803020
420092500
420129803
420230900
420248128
420459569
421146663
421202978
421402662
421462403
421607471
421968452
421973093
422310452
422325489
422342187
422478423
422586964
422637545
422672696
422695737
423479965
423557348
423559666
423623344
424022721
424166825
424197359
424311478
424554660
424623379
424652369
424759441
425663411
425793934
425869761
425871604
425877714
425973806
426237265
426299577
426427110
426726087
426758430
426967103
427204601
427384345
427483274
427509957
427772691
428472640
428634204
428742011
428747867
429148718
429151034
429158144
429443813
429599189
429607541
429861820
429928442
430086062
430743269
431005605
431024807
431204059
431282646
431287937
431527317
431558204
431674695
431948086
433186646
433250167
433311000
433546618
433633535
433903666
433927529
433929956
433949684
434073880
434167552
434245567
434247478
434378098
434466988
434650762
434747569
434787701
435566160
435566411
435566709
435567233
435607099
435620139
435639232
436009191
436317047
436331082
436332242
436417021
436955264
437013341
437060208
437108705
437443354
437946625
438140645
438339481
438346779
438358042
438365111
438746252
439128856
439179019
439399526
440508867
440520595
440960541
441001345
441109239
442544265
442559162
442721160
443114444
443127979
444527093
444553218
444809046
444810104
444856506
444867133
444981317
445094295
445267341
445574824
445591233
445642840
445658487
445695536
445832730
445939646
446195667
446462422
446582150
446611023
446831156
446949081
446949901
446953094
446982290
447637034
447667750
447713210
447723533
447765326
447765954
449035322
449378623
449406061
449413373
449426315
449469085
449718724
449757595
449860990
449898340
450173489
450258490
450308641
450690508
451318825
451638648
451670039
452046815
452085262
452318824
452449253
452759701
452952214
453187347
453223782
453231974
453265346
454025313
454030742
454041846
454050795
454103999
454131252
454144459
454513103
454608031
454801338
454999108
455213964
455238302
455299206
455370726
455611468
455731787
455737307
455981933
456430454
456619475
456654313
456660030
456945330
456989587
457115813
457120643
457432453
457562511
457631558
457861321
457863388
457865705
457868458
457953477
457958687
458299162
458299868
458322079
458336289
458364565
458516417
459195327
459215266
459960212
460054924
460081275
460116403
460121720
460192402
460215068
460314385
460425751
460908439
462387816
462443855
462496224
462599354
462906386
462915161
463081236
463231289
463248204
463360991
463590726
463592671
463685665
463689341
463903738
464543809
464555500
464631703
464947178
464956032
464992634
465117829
465297910
465668278
465750922
465808860
465903261
465989453
466236818
466240163
467231503
467238647
467628671
467690865
467957986
467961167
467966735
467968759
468027810
468046954
468078842
468099980
468129809
468406185
468803180
469101452
469782936
469888069
469908586
469909046
469912884
469927040
469970302
470315896
470338864
470373738
470407570
470645585
470660439
470679065
470685768
470698679
470702167
470761607
470766109
471124200
471399226
472230196
472303118
472463420
472480168
472487814
472498872
472808135
472824074
472946091
473317255
473343294
473389087
473727824
474047350
475151238
475152987
475172929
475382058
475412629
475461013
475638688
475639995
475686713
475878076
476022028
476027363
476040063
476333929
476434159
476702747
476901945
477287674
477705201
477746780
477765179
477803563
477807158
477826500
477877778
478030451
478179173
478184136
478184446
478298166
478301866
478616578
478779926
478989220
479026376
479073992
479102443
479114861
479159290
479278285
479491936
479617810
479637446
480240774
480274194
480351709
480353796
480445175
480457742
480541498
480550225
480860385
480882542
480886928
480900386
480925279
480939001
480945163
481233390
481381043
481606028
481680853
481689251
481720215
481729836
481733431
481739601
481999994
482026573
482051941
482571784
482604714
482948370
482949784
482994929
483024853
483251865
483331823
483387064
483428821
483661997
483717720
483730277
483773461
483978250
484073365
484445462
484457532
484477411
484506748
484519657
485326610
485803074
485917572
485926421
486195741
486242991
486353748
486387704
486404007
486485623
486614111
486652449
486663077
486759039
487034816
487050982
487059012
487080219
487124275
487690233
487901589
487902010
487920697
487924518
487947494
487966088
488027892
488236309
488244216
488280824
488361865
488393061
488674640
488718183
488733427
488998160
489087813
489140382
490128523
490159980
490230804
490313649
490425789
490441114
490456849
490458233
490469826
490477132
490620385
490675977
490812254
490890209
491137532
491162902
491180263
491212278
491530283
491545249
491571184
491624882
491643668
491679945
491697784
491943610
492013433
492393404
492610757
492923964
492947441
492978414
493028740
493029371
493029718
493029892
493263428
493268248
493277904
493364534
493390991
493405910
493460788
493651003
494035308
494276254
494411419
494557976
495349075
495389984
495479079
495575758
495593137
495595499
495603503
495852026
495855669
495940779
495951882
495958569
495970108
496254062
496290078
496328849
496344500
496707647
497044083
497116235
497875393
498430750
498434289
498723243
498863736
498864331
498900458
498904993
499036605
499250508
499278408
499427487
499520084
499563053
499564798
499591145
500419784
500448489
500563929
500571202
500593791
500594324
500628050
500704946
500754513
500880853
500906051
500912674
500915777
500916676
500961176
500962409
500981044
501013149
501013935
501034054
501218581
501227699
501244602
501263799
501264105
501264265
501286243
501377817
501513246
501759460
501832705
502049140
502194188
502210176
503114194
503286605
503482963
503520199
503680556
503924044
504049489
504226973
504233982
504260590
504265281
504285835
504546949
504656168
504662179
505026557
505332596
505544320
505686121
505754709
505986689
506057622
506241047
506373881
506384983
506430527
506790255
506810185
507128391
507958918
508002681
508354590
508382396
508413407
508415276
508549445
508675000
509161774
509183311
509201210
509261340
509439056
509529928
509885702
510277511
510877595
512524336
512841431
512910874
513154248
513248139
513252652
513285151
513285782
513598626
513608025
513681153
513697186
513915748
513940239
513955825
513964675
514004951
514067070
514067138
515557116
515624630
515655568
515666306
515707223
515964184
516121065
516258343
516437325
516499929
516529692
516609991
516791562
516834686
516895243
517708847
517797854
517815600
517936700
518223204
518240260
518246942
518497615
518506277
518531999
518547541
518744654
518803586
518966165
518976336
518999629
519233326
519234451
519252036
519346838
520083640
520198965
520204554
520206725
520214220
520232117
520297949
520495013
520543499
520614618
520642764
520875714
521018623
521026190
521046569
521264501
521295845
521306935
521344809
521356604
521367092
521407286
521424869
521713762
521778072
521781152
522730428
522746666
522752878
522941901
522988446
523029274
523242599
523393031
523488846
523493092
523533966
523796989
523810723
523824557
523831176
524023698
524149495
524158163
524167846
524181910
524237877
524754933
524967386
525053718
525061539
525108068
525119950
525372038
525507802
525552024
525579247
525593883
525662469
525726362
525759925
526020414
526157379
526266689
526357397
526389264
526605973
526644797
526701820
526730481
527493892
527616556
527652439
527653353
527684720
527734460
527780641
527882323
528094111
528163439
528163625
528183546
528190798
528337375
528388612
528458854
528463325
528477585
528562197
528610269
528610396
528610557
528610659
528740765
528832101
528861181
528919854
528953798
528968311
529385308
530413131
530413998
530694080
530704352
530775074
530788829
530804901
530810839
530833095
530845613
530857181
530866198
531184348
531413433
531582602
531668731
531682152
531710988
531804555
531805009
531963299
532062898
532101389
532686879
532851182
533288791
533387237
533460268
533482936
533485914
533494706
533524537
533578412
533859965
533891534
533927448
534291376
534317851
534723169
534751206
534756425
534765945
534767064
535103072
535482250
535781259
535825815
535981135
536253184
536324275
536593103
536628278
536639569
537025194
537096065
537675719
537896898
538570771
538593728
538655986
538843430
539014714
539041452
539088720
539091858
539094649
539103118
539156137
539171973
539176727
539203098
539221094
539380136
539477652
539597950
539646868
539650059
539662769
540052597
540193240
540204139
540301285
540506876
540569568
540928869
541751563
541753816
541845553
542162566
542270186
542409390
542504302
542697015
542763072
542903599
543148794
543657795
544055913
544671303
544936221
545041803
545043253
545055366
545116177
545137388
545269484
545449015
545460177
545542169
545567898
545583159
545723094
546218746
546305602
546910071
547281985
547360698
547488073
548031656
548828874
549132730
549150641
549201247
549234488
549517145
549774247
549851170
550045957
550299131
550300143
550361490
550391179
550398189
550458745
550841371
550939833
551089638
551109620
551109646
551428060
552994641
553037234
553127892
553250595
553689649
553750490
553761539
553802259
554322608
554367772
554410454
554685124
554752393
554893060
554953617
554965179
555027579
555252785
555545189
555565768
555594720
556188361
556838392
556850904
556883665
556921640
556987937
557225221
557401710
557419012
557932868
557976623
558017896
558319799
558557188
558567556
558915625
558998541
559020760
559051003
559338321
559882218
559934033
560110227
560153113
560174038
560182652
560540899
560658955
560785666
560967461
560978531
561222038
561309345
561429759
561742981
561942208
561964614
562719395
562948118
563031171
563033626
563064139
563072297
563533576
563541368
563601315
563812052
563943802
564003677
564078598
564081587
564089823
564395200
564458176
564483438
564522651
564755825
564873970
565781763
566261108
566448896
566532291
566537330
566564016
566564567
566866933
566995664
566999313
567233055
567331056
567335895
567365875
567381191
567440726
567688568
567717205
567883367
567922559
567950038
568862179
568900459
568917603
568943498
569002234
569316862
569836532
570332009
571754810
572174609
572239995
572265966
572552627
572614081
572620266
572624646
572632635
572673577
572774778
573058952
573151926
573205777
573207372
573428986
573533768
573590399
573926762
574048006
574661534
574782570
574989765
575022282
575322267
575533133
575544672
575575682
575850403
576004799
576006226
576046820
576049074
576082687
576225401
576272144
576348191
576362777
576383351
576699571
576955802
576971592
577493944
577800868
577831647
577848021
577876831
577940835
577953237
578275540
578316655
578334472
578696404
578799963
579063628
579161946
579185740
579192954
579221324
579424374
580017957
580046596
580105410
580105974
580145024
580203354
580230097
580459656
580470286
580527620
580735678
580843995
580866531
580941165
581177471
581480550
583444910
583452121
583546204
583782075
584896182
584921848
585351708
585627319
585645434
585704232
585718824
585860664
585977386
585984019
586279253
586439409
586973428
586990667
587048721
587079607
587274068
587310535
587370300
587402741
587410832
587426892
587468691
587673606
587719919
588134916
588175937
588199752
588279771
588351034
588398763
588696472
589593263
589744432
589981792
590096936
590123027
590195982
590216660
590226092
590484588
590546023
590554756
590621951
590642959
590707408
590898125
590923172
590991735
591094658
591237196
591425869
591433276
591472420
591472831
591520371
591527562
591768493
592405597
592431670
592479369
592677449
592722696
592745933
592839626
592857524
592902396
592919015
592957596
593300806
593415559
593436257
593706555
593764243
593882827
593982469
594079930
595227977
595302051
595317718
595319738
595332435
595344747
595348930
595679526
595705996
595765899
595817821
596237622
596299680
596516962
596703153
596706724
597088484
597170998
597197400
598163341
598225952
598232096
598398678
598558402
598649572
598654804
598668928
598828102
599336259
599341623
599737495
599795433
599832239
600064790
600115695
600137463
600176700
600202405
600208489
600242110
601328176
601334884
601341360
601341684
601377010
601388379
601550857
601829747
602163291
602165689
602172016
602231199
602261770
602296694
602476789
602477595
602485762
602509402
602674222
602721477
602750337
602759234
602784391
603181276
603884914
604217320
604688499
604731927
605009705
605149751
605290179
605572686
605731199
606202560
606515737
607081285
607313600
607341268
607626107
607924273
608380668
608460598
608675572
608709585
608762452
608883714
609070268
609233041
609292602
610045201
610437770
610441980
610443811
610898186
610899482
611200915
611309658
611367282
611373053
611379381
611495820
611679242
611841068
611879225
611900457
611927574
612218803
612333619
612379822
612955966
613271368
613364405
613552644
613654148
613922766
614008138
614101045
614112778
614147884
614188075
614360627
614454746
614523021
614808624
615004730
615082973
615123003
615395194
615444624
616160011
616293394
616646601
616647928
616663763
616978607
617034455
617053014
617057784
617057870
617090756
617494203
617628724
617905204
618073770
618144978
618209850
618597720
619833554
620014762
620041283
620061564
620086291
620212214
620364449
620398419
620436086
620445608
620448914
620485354
620559856
620703632
620854870
621066905
621742399
622870446
623017526
623048897
623535995
623565354
623635426
623793820
623948391
623948411
624069156
624137134
624252984
624528226
624536834
624574349
624586153
624896562
624923641
624959480
624979703
626028382
626069373
626100228
626161034
626456840
626518474
626534010
626572301
626576045
626794615
627016390
627475858
627866684
627921258
628030675
628045055
628048684
628073042
628100207
628959963
629079075
629115557
629123219
629290391
629326476
629359466
629407030
629416653
629574003
630148230
630193555
630448875
630685009
630973162
631061317
631578092
631973147
632001155
632088451
632380181
632382841
632538566
632582502
632708041
632920987
632921953
632958508
633021640
633129333
633131475
633501799
633509362
633528357
633568414
633939598
634003568
634017085
634915114
634942985
634965795
635001385
635020421
635021924
635025832
635031806
635083600
635229930
635798591
635854795
635910410
635932702
636300535
636340946
636368641
636373721
636864167
636969652
637803871
638098966
638175194
638545552
638671110
638682190
639015838
639067589
639162002
639169623
639423749
639545443
639599939
639927288
640850735
640902594
641252828
641471806
641479639
641604250
642585551
643832736
644044825
644120253
644121078
644426315
644488535
644593220
644718875
644798806
644942511
645428366
645508228
645588772
647429377
647780698
647901065
648183429
648254754
648340231
648383978
648399467
648764416
648778264
648791103
648843247
649203143
649483955
649682355
649850121
650194276
650250720
650269444
650459842
650625464
650667714
651116159
651199955
651645178
651646078
651667700
651669249
651701671
652585543
652719864
652758671
652811792
652983186
653292869
653627938
653725458
653734628
653856658
654217590
654347051
654531577
654707126
655769259
655781333
655870441
656302339
656328463
656613811
656770212
657191236
657256673
658119779
658786951
658897412
659161459
659636455
659912246
659978819
660135167
660176887
660307178
660349466
660469514
660509262
660728083
661587604
661635709
661737961
662572573
663232373
663245797
663291669
663329323
663627734
663721568
664669043
664672625
664789359
664833235
664854902
665218612
665230299
665305985
665631238
665718318
665791602
666107920
666142124
666213385
666259894
666321000
667522826
667830554
668057328
668061039
668253699
668428515
668451354
668460616
668908582
669256418
670003151
670106564
670218191
670310961
670357079
670791801
670803230
670930340
671005634
671062837
671096437
671133024
671138972
671175343
671257131
671576191
671701137
671999150
673116182
